x
-1 1
1 0 7
2 0 6
3 0 5
4 0 6
5 0 5
6 0 6
7 0 9
8 0 6
9 0 6
10 0 5
11 0 5
12 0 6
13 0 7
14 0 6
15 0 9
16 0 6
17 0 7
18 0 8
19 0 6
20 0 7
21 0 8
22 0 4
23 0 9
24 0 6
25 0 10
26 0 7
27 0 8
28 0 8
29 0 6
30 0 8
31 0 7
32 0 7
33 0 9
34 0 7
35 0 6
36 0 9
37 0 6
38 0 8
39 0 6
40 0 7
41 0 7
42 0 8
43 0 5
44 0 7
45 0 8
46 0 6
47 0 4
48 0 3
49 0 9
50 0 7
51 0 6
52 0 4
53 0 5
54 0 7
55 0 5
56 0 10
57 0 5
58 0 7
59 0 9
60 0 6
61 0 7
62 0 6
63 0 7
64 0 8
65 0 5
66 0 11
67 0 8
68 0 5
69 0 7
70 0 8
71 0 7
72 0 7
73 0 5
74 0 9
75 0 7
76 0 6
77 0 6
78 0 8
79 0 7
80 0 7
81 0 5
82 0 6
83 0 8
84 0 9
85 0 7
86 0 7
87 0 9
88 0 6
89 0 6
90 0 6
91 0 8
92 0 8
93 0 6
94 0 7
95 0 7
96 0 11
97 0 6
98 0 6
99 0 10
100 0 7
101 0 7
102 0 8
103 0 10
104 0 8
105 0 7
106 0 5
107 0 6
108 0 5
109 0 7
110 0 8
111 0 10
112 0 7
113 0 8
114 0 6
115 0 6
116 0 7
117 0 7
118 0 7
119 0 8
120 0 6
121 0 4
122 0 6
123 0 5
124 0 6
125 0 8
126 0 8
127 0 5
128 0 6
129 0 6
130 0 6
131 0 6
132 0 6
133 0 5
134 0 6
135 0 5
136 0 6
137 0 8
138 0 7
139 0 10
140 0 11
141 0 7
142 0 7
143 0 9
144 0 6
145 0 9
146 0 7
147 0 7
148 0 7
149 0 7
150 0 6
151 0 7
152 0 6
153 0 6
154 0 6
155 0 6
156 0 8
157 0 5
158 0 5
159 0 7
160 0 6
161 0 6
162 0 6
163 0 6
164 0 7
165 0 7
166 0 4
167 0 6
168 0 10
169 0 8
170 0 5
171 0 8
172 0 5
173 0 6
174 0 12
175 0 7
176 0 9
177 0 6
178 0 6
179 0 6
180 0 9
181 0 6
182 0 9
183 0 6
184 0 8
185 0 6
186 0 7
187 0 7
188 0 6
189 0 7
190 0 7
191 0 9
192 0 7
193 0 5
194 0 10
195 0 8
196 0 6
197 0 6
198 0 5
199 0 9
200 0 10
201 0 6
202 0 6
203 0 5
204 0 6
205 0 7
206 0 6
207 0 4
208 0 6
209 0 8
210 0 8
211 0 7
212 0 6
213 0 5
214 0 9
215 0 8
216 0 7
217 0 9
218 0 5
219 0 7
220 0 7
221 0 4
222 0 7
223 0 8
224 0 7
225 0 8
226 0 9
227 0 8
228 0 6
229 0 9
230 0 9
231 0 5
232 0 7
233 0 9
234 0 8
235 0 4
236 0 8
237 0 6
238 0 9
239 0 6
240 0 5
241 0 7
242 0 7
243 0 6
244 0 6
245 0 7
246 0 6
247 0 6
248 0 6
249 0 7
250 0 6
251 0 6
252 0 4
253 0 4
254 0 9
255 0 7
256 0 8
257 0 11
258 0 6
259 0 6
260 0 8
261 0 6
262 0 7
263 0 6
264 0 6
265 0 6
266 0 8
267 0 5
268 0 6
269 0 7
270 0 6
271 0 5
272 0 5
273 0 8
274 0 4
275 0 7
276 0 5
277 0 6
278 0 7
279 0 10
280 0 4
281 0 6
282 0 7
283 0 5
284 0 14
285 0 7
286 0 8
287 0 7
288 0 7
289 0 5
290 0 6
291 0 7
292 0 7
293 0 10
294 0 7
295 0 9
296 0 6
297 0 7
298 0 7
299 0 7
300 0 6
301 0 7
302 0 7
303 0 6
304 0 7
305 0 5
306 0 6
307 0 4
308 0 4
309 0 6
310 0 7
311 0 12
312 0 7
313 0 4
314 0 9
315 0 5
316 0 6
317 0 9
318 0 8
319 0 6
320 0 9
321 0 7
322 0 7
323 0 6
324 0 6
325 0 9
326 0 7
327 0 7
328 0 8
329 0 5
330 0 7
331 0 6
332 0 7
333 0 3
334 0 7
335 0 7
336 0 6
337 0 7
338 0 8
339 0 6
340 0 7
341 0 7
342 0 7
343 0 10
344 0 7
345 0 10
346 0 10
347 0 10
348 0 10
349 0 8
350 0 8
351 0 5
352 0 5
353 0 7
354 0 6
355 0 7
356 0 7
357 0 4
358 0 9
359 0 7
360 0 6
361 0 9
362 0 6
363 0 10
364 0 7
365 0 8
366 0 7
367 0 3
368 0 10
369 0 6
370 0 7
371 0 8
372 0 7
373 0 5
374 0 7
375 0 11
376 0 4
377 0 5
378 0 6
379 0 6
380 0 8
381 0 9
382 0 7
383 0 7
384 0 10
385 0 6
386 0 11
387 0 8
388 0 7
389 0 8
390 0 6
391 0 5
392 0 5
393 0 5
394 0 5
395 0 10
396 0 6
397 0 11
398 0 10
399 0 7
400 0 8
401 0 5
402 0 7
403 0 6
404 0 6
405 0 10
406 0 6
407 0 8
408 0 6
409 0 7
410 0 4
411 0 9
412 0 4
413 0 7
414 0 7
415 0 4
416 0 6
417 0 7
418 0 4
419 0 6
420 0 10
421 0 6
422 0 6
423 0 5
424 0 14
425 0 6
426 0 5
427 0 8
428 0 6
429 0 10
430 0 5
431 0 6
432 0 6
433 0 7
434 0 8
435 0 9
436 0 13
437 0 4
438 0 4
439 0 7
440 0 7
441 0 7
442 0 6
443 0 4
444 0 9
445 0 6
446 0 14
447 0 6
448 0 7
449 0 7
450 0 8
451 0 8
452 0 8
453 0 5
454 0 9
455 0 8
456 0 8
457 0 7
458 0 9
459 0 8
460 0 6
461 0 9
462 0 6
463 0 6
464 0 11
465 0 16
466 0 10
467 0 10
468 0 8
469 0 7
470 0 8
471 0 10
472 0 8
473 0 8
474 0 7
475 0 6
476 0 6
477 0 10
478 0 3
479 0 11
480 0 6
481 0 5
482 0 6
483 0 7
484 0 7
485 0 10
486 0 5
487 0 5
488 0 5
489 0 8
490 0 6
491 0 7
492 0 5
493 0 6
494 0 6
495 0 7
496 0 8
497 0 7
498 0 6
499 0 6
500 0 6
501 0 6
502 0 7
503 0 5
504 0 5
505 0 4
506 0 15
507 0 7
508 0 7
509 0 6
510 0 8
511 0 10
512 0 7
513 0 7
514 0 7
515 0 7
516 0 9
517 0 6
518 0 7
519 0 4
520 0 8
521 0 5
522 0 8
523 0 7
524 0 9
525 0 6
526 0 10
527 0 6
528 0 6
529 0 7
530 0 7
531 0 8
532 0 5
533 0 8
534 0 4
535 0 8
536 0 6
537 0 7
538 0 7
539 0 11
540 0 8
541 0 8
542 0 8
543 0 9
544 0 5
545 0 14
546 0 8
547 0 5
548 0 9
549 0 4
550 0 7
551 0 8
552 0 8
553 0 10
554 0 7
555 0 3
556 0 9
557 0 6
558 0 7
559 0 8
560 0 6
561 0 9
562 0 7
563 0 7
564 0 6
565 0 7
566 0 10
567 0 6
568 0 9
569 0 8
570 0 9
571 0 7
572 0 6
573 0 10
574 0 8
575 0 4
576 0 6
577 0 11
578 0 6
579 0 10
580 0 5
581 0 5
582 0 6
583 0 8
584 0 11
585 0 9
586 0 9
587 0 3
588 0 6
589 0 6
590 0 7
591 0 6
592 0 8
593 0 5
594 0 4
595 0 5
596 0 6
597 0 5
598 0 6
599 0 10
600 0 5
601 0 7
602 0 5
603 0 5
604 0 8
605 0 5
606 0 15
607 0 7
608 0 6
609 0 5
610 0 6
611 0 8
612 0 10
613 0 10
614 0 6
615 0 7
616 0 5
617 0 7
618 0 6
619 0 9
620 0 6
621 0 4
622 0 6
623 0 7
624 0 8
625 0 5
626 0 6
627 0 6
628 0 10
629 0 6
630 0 9
631 0 6
632 0 12
633 0 12
634 0 4
635 0 4
636 0 4
637 0 8
638 0 6
639 0 6
640 0 6
641 0 9
642 0 7
643 0 8
644 0 6
645 0 9
646 0 7
647 0 9
648 0 7
649 0 10
650 0 7
651 0 9
652 0 7
653 0 7
654 0 12
655 0 8
656 0 7
657 0 7
658 0 9
659 0 9
660 0 5
661 0 5
662 0 8
663 0 16
664 0 12
665 0 6
666 0 4
667 0 6
668 0 6
669 0 6
670 0 12
671 0 7
672 0 4
673 0 5
674 0 6
675 0 6
676 0 8
677 0 7
678 0 7
679 0 5
680 0 4
681 0 7
682 0 6
683 0 5
684 0 7
685 0 6
686 0 7
687 0 8
688 0 8
689 0 4
690 0 7
691 0 8
692 0 7
693 0 10
694 0 6
695 0 5
696 0 6
697 0 6
698 0 6
699 0 5
700 0 8
701 0 7
702 0 7
703 0 13
704 0 3
705 0 7
706 0 7
707 0 7
708 0 15
709 0 7
710 0 6
711 0 6
712 0 6
713 0 4
714 0 6
715 0 10
716 0 4
717 0 4
718 0 7
719 0 5
720 0 7
721 0 7
722 0 6
723 0 8
724 0 3
725 0 7
726 0 7
727 0 5
728 0 6
729 0 8
730 0 6
731 0 8
732 0 11
733 0 8
734 0 5
735 0 6
736 0 9
737 0 5
738 0 8
739 0 6
740 0 6
741 0 6
742 0 4
743 0 8
744 0 8
745 0 6
746 0 6
747 0 4
748 0 7
749 0 8
750 0 4
751 0 6
752 0 6
753 0 6
754 0 9
755 0 15
756 0 5
757 0 7
758 0 7
759 0 7
760 0 6
761 0 7
762 0 6
763 0 7
764 0 4
765 0 8
766 0 3
767 0 8
768 0 7
769 0 7
770 0 10
771 0 4
772 0 7
773 0 6
774 0 5
775 0 6
776 0 7
777 0 11
778 0 6
779 0 7
780 0 7
781 0 7
782 0 5
783 0 6
784 0 8
785 0 7
786 0 7
787 0 6
788 0 7
789 0 8
790 0 8
791 0 6
792 0 6
793 0 7
794 0 8
795 0 12
796 0 13
797 0 5
798 0 7
799 0 10
800 0 10
801 0 6
802 0 9
803 0 5
804 0 5
805 0 8
806 0 6
807 0 4
808 0 4
809 0 8
810 0 5
811 0 6
812 0 7
813 0 4
814 0 7
815 0 5
816 0 8
817 0 7
818 0 8
819 0 11
820 0 5
821 0 6
822 0 11
823 0 7
824 0 8
825 0 5
826 0 10
827 0 9
828 0 8
829 0 6
830 0 8
831 0 6
832 0 8
833 0 9
834 0 10
835 0 7
836 0 10
837 0 4
838 0 4
839 0 7
840 0 4
841 0 9
842 0 8
843 0 7
844 0 7
845 0 6
846 0 11
847 0 7
848 0 6
849 0 4
850 0 10
851 0 7
852 0 4
853 0 4
854 0 7
855 0 6
856 0 5
857 0 9
858 0 6
859 0 9
860 0 10
861 0 5
862 0 5
863 0 11
864 0 8
865 0 9
866 0 10
867 0 8
868 0 7
869 0 8
870 0 6
871 0 8
872 0 8
873 0 9
874 0 6
875 0 10
876 0 6
877 0 6
878 0 8
879 0 7
880 0 8
881 0 11
882 0 5
883 0 10
884 0 6
885 0 6
886 0 9
887 0 7
888 0 6
889 0 7
890 0 8
891 0 8
892 0 7
893 0 7
894 0 6
895 0 4
896 0 13
897 0 6
898 0 6
899 0 12
900 0 9
901 0 9
902 0 8
903 0 10
904 0 6
905 0 6
906 0 11
907 0 10
908 0 4
909 0 9
910 0 8
911 0 13
912 0 5
913 0 7
914 0 10
915 0 9
916 0 6
917 0 7
918 0 8
919 0 4
920 0 4
921 0 4
922 0 6
923 0 6
924 0 6
925 0 6
926 0 4
927 0 3
928 0 7
929 0 13
930 0 5
931 0 5
932 0 6
933 0 6
934 0 10
935 0 6
936 0 7
937 0 4
938 0 12
939 0 11
940 0 10
941 0 4
942 0 6
943 0 7
944 0 8
945 0 7
946 0 6
947 0 5
948 0 13
949 0 8
950 0 7
951 0 3
952 0 7
953 0 10
954 0 7
955 0 4
956 0 7
957 0 11
958 0 5
959 0 7
960 0 3
961 0 6
962 0 9
963 0 5
964 0 7
965 0 6
966 0 6
967 0 13
968 0 6
969 0 7
970 0 8
971 0 7
972 0 8
973 0 9
974 0 14
975 0 5
976 0 9
977 0 6
978 0 7
979 0 10
980 0 6
981 0 12
982 0 6
983 0 6
984 0 9
985 0 11
986 0 8
987 0 5
988 0 8
989 0 6
990 0 13
991 0 6
992 0 5
993 0 6
994 0 9
995 0 4
996 0 9
997 0 7
998 0 6
999 0 10
1000 0 5
1001 0 10
1002 0 6
1003 0 8
1004 0 10
1005 0 8
1006 0 5
1007 0 11
1008 0 9
1009 0 7
1010 0 8
1011 0 5
1012 0 13
1013 0 6
1014 0 5
1015 0 8
1016 0 6
1017 0 6
1018 0 7
1019 0 7
1020 0 7
1021 0 6
1022 0 9
1023 0 6
1024 0 7
1025 0 6
1026 0 13
1027 0 7
1028 0 8
1029 0 7
1030 0 4
1031 0 10
1032 0 5
1033 0 5
1034 0 4
1035 0 7
1036 0 7
1037 0 6
1038 0 4
1039 0 3
1040 0 6
1041 0 6
1042 0 5
1043 0 9
1044 0 8
1045 0 8
1046 0 5
1047 0 6
1048 0 6
1049 0 4
1050 0 12
1051 0 10
1052 0 8
1053 0 5
1054 0 8
1055 0 7
1056 0 7
1057 0 10
1058 0 5
1059 0 5
1060 0 6
1061 0 4
1062 0 12
1063 0 6
1064 0 6
1065 0 9
1066 0 8
1067 0 7
1068 0 5
1069 0 8
1070 0 7
1071 0 7
1072 0 9
1073 0 7
1074 0 10
1075 0 4
1076 0 5
1077 0 5
1078 0 13
1079 0 7
1080 0 6
1081 0 7
1082 0 6
1083 0 9
1084 0 6
1085 0 11
1086 0 8
1087 0 7
1088 0 11
1089 0 7
1090 0 10
1091 0 6
1092 0 5
1093 0 7
1094 0 9
1095 0 6
1096 0 5
1097 0 9
1098 0 7
1099 0 6
1100 0 7
1101 0 6
1102 0 7
1103 0 4
1104 0 3
1105 0 5
1106 0 7
1107 0 5
1108 0 11
1109 0 5
1110 0 6
1111 0 9
1112 0 5
1113 0 6
1114 0 7
1115 0 9
1116 0 8
1117 0 6
1118 0 7
1119 0 9
1120 0 8
1121 0 8
1122 0 12
1123 0 8
1124 0 6
1125 0 8
1126 0 6
1127 0 13
1128 0 8
1129 0 12
1130 0 11
1131 0 8
1132 0 11
1133 0 7
1134 0 6
1135 0 4
1136 0 6
1137 0 7
1138 0 12
1139 0 9
1140 0 7
1141 0 12
1142 0 6
1143 0 4
1144 0 7
1145 0 10
1146 0 10
1147 0 8
1148 0 4
1149 0 8
1150 0 10
1151 0 7
1152 0 8
1153 0 11
1154 0 6
1155 0 12
1156 0 9
1157 0 4
1158 0 6
1159 0 12
1160 0 6
1161 0 6
1162 0 14
1163 0 8
1164 0 4
1165 0 5
1166 0 4
1167 0 5
1168 0 6
1169 0 8
1170 0 6
1171 0 6
1172 0 12
1173 0 12
1174 0 9
1175 0 7
1176 0 12
1177 0 7
1178 0 9
1179 0 9
1180 0 14
1181 0 9
1182 0 10
1183 0 8
1184 0 6
1185 0 16
1186 0 12
1187 0 6
1188 0 6
1189 0 6
1190 0 8
1191 0 13
1192 0 6
1193 0 7
1194 0 9
1195 0 4
1196 0 4
1197 0 7
1198 0 5
1199 0 5
1200 0 8
1201 0 10
1202 0 6
1203 0 8
1204 0 9
1205 0 13
1206 0 7
1207 0 5
1208 0 14
1209 0 8
1210 0 4
1211 0 9
1212 0 5
1213 0 6
1214 0 4
1215 0 10
1216 0 10
1217 0 6
1218 0 9
1219 0 9
1220 0 7
1221 0 7
1222 0 7
1223 0 6
1224 0 4
1225 0 16
1226 0 10
1227 0 8
1228 0 9
1229 0 9
1230 0 9
1231 0 8
1232 0 6
1233 0 10
1234 0 6
1235 0 6
1236 0 7
1237 0 7
1238 0 6
1239 0 7
1240 0 10
1241 0 6
1242 0 5
1243 0 5
1244 0 4
1245 0 10
1246 0 8
1247 0 9
1248 0 7
1249 0 8
1250 0 6
1251 0 7
1252 0 6
1253 0 6
1254 0 8
1255 0 10
1256 0 8
1257 0 7
1258 0 8
1259 0 7
1260 0 7
1261 0 8
1262 0 4
1263 0 7
1264 0 13
1265 0 4
1266 0 9
1267 0 7
1268 0 12
1269 0 7
1270 0 7
1271 0 11
1272 0 6
1273 0 4
1274 0 7
1275 0 7
1276 0 6
1277 0 6
1278 0 5
1279 0 8
1280 0 8
1281 0 4
1282 0 8
1283 0 3
1284 0 4
1285 0 7
1286 0 8
1287 0 6
1288 0 11
1289 0 12
1290 0 8
1291 0 6
1292 0 6
1293 0 4
1294 0 14
1295 0 9
1296 0 9
1297 0 6
1298 0 5
1299 0 4
1300 0 8
